2659452899 3773423191 23529065
1010417677 1830019321 229964714
1506263997 1764304095 65715226
3017023682 3993999178 103632805
3758361154 3931294907 62704271
2513441862 2529586713 106552791
3821065425 3163657189 7959671
3410504451 3191697730 271334719
2500616406 3150831733 12825456
2065874786 2636139504 257698620
4142272690 2382216135 108163002
1377732678 1378901025 61208694
91217027 248578952 8927711
2463617376 3879075083 36999030
3982807123 2315058258 67157877
2323573406 2065874786 97274446
958870382 916323074 51547295
3868386197 3579887474 114420926
931392999 1351423642 27477383
2942753127 3694308400 74270555
1812734437 168620508 79958444
3301364949 2163149232 3197696
2420847852 2166346928 42769524
3829025096 3111470632 39361101
2619994653 2490379137 39207576
1571979223 1523548881 240755214
2927532333 3916074113 15220794
3125500723 4097631983 175864226
1438941372 10080856 67322625
2049903179 0 10080856
3304562645 2209116452 105941806
1976132043 1277652506 73771136
2659202229 3171616860 250670
4256036535 3463032449 38930761
1240382391 257506663 137350287
0 77403481 91217027
3120656487 3768578955 4844236
100144738 967870369 309782137
409926875 394856950 521466124
2682981964 4273496209 21471087
2704453051 3501963210 77924264
2802207515 2893838124 125324818
3681839170 3796952256 76521984
4250435692 3873474240 5600843
1892692881 1440109719 83439162
4049965000 3019162942 92307690
2782377315 3171867530 19830200