2408792839 708984436 12070437
3916327360 4103567762 90492800
2136669394 2902458135 226099404
1414655297 721054873 722014097
2462136308 3514619416 2467233
1254861475 3327498132 98562162
2362768798 569836962 46024041
4185175199 3916327360 8885363
421054090 234463197 201173738
2497827912 1550759989 35404865
849065671 0 224309687
37059832 615861003 93123433
4006820160 3925212723 178355039
2863253575 1705311678 653833074
622227828 1443068970 107691019
2464603541 2869233764 33224371
1353423637 3128557539 61231660
1073375358 3426060294 47286090
2725544642 3189789199 137708933
26906322 224309687 10153510
2420863276 3473346384 41273032
729918847 1586164854 119146824
2533232777 2676921899 192311865
0 2359144752 26906322
1120661448 435636935 134200027
130183265 2386051074 290870825