1916776044 145070025 3464138
1920240182 0 145070025
706160141 2208005933 115191764
2898492924 830275742 87027483
3489083348 3344594558 103871907
2985520407 148534163 415139950
821351905 917303225 327392865
1148744770 1517236949 182706102
295069722 3448466465 411090419
1816984891 3244803405 99791153
4282585972 4292886644 2080652
3592955255 563674113 266601629
4266462972 4158154511 16123000
1331450872 1244696090 272540859
2715943131 3062253612 182549793
4284666624 4174277511 10300672
4158154511 4184578183 108308461
1603991731 1995012773 212993160
2065310207 2411620688 650632924
0 1699943051 295069722
3400660357 2323197697 88422991