1281293605 2434144353 57731817
3534843655 3623804479 36539813
1516028925 367078655 499627624
3340374639 3427302148 25514722
1176213912 2491876170 105079693
3872645852 3827818849 188531931
508302359 1375008638 300832898
0 866706279 508302359
4146417618 3475254801 148549678
4083438506 3660344292 62979112
3365889361 3745584127 82234722
4061177783 3723323404 22260723
2015656549 1675841536 348405327
1056134836 246999579 120079076
3448124083 3452816870 22437931
3321587434 3408514943 18787205
3470562014 4016350780 64281641
3571383468 3321587434 86927509
1339025422 2024246863 177003503
809135257 0 246999579
2364061876 2596955863 115651453
3658310977 4080632421 214334875
2479713329 2201250366 232893987