3841742547 3016842841 17384315
2875021919 2637593760 185450069
3413635232 3588265685 87508205
1311241677 236307150 54007684
3349161906 4276682782 18284514
896790030 1355845673 34430118
3060471988 3835573209 145836645
2741184131 3675773890 133837788
1387754847 947687177 15489861
3785944618 2057196631 55797929
2006585491 2931426646 85416195
3873217816 3809611678 25961531
1667765627 643929130 34884144
2092001686 2434956599 202637161
1001898651 158618769 77688381
3899179347 2253048950 181907649
1786416461 377140410 101956748
0 833901414 113785763
1403244708 479097158 56815029
3859126862 3034227156 14090954
747996464 678813274 31450438
869173795 963177038 27616235
3268502638 2006585491 50611140
113785763 0 148879571
262665334 1511505797 386606610
1187603975 710263712 123637702
3319113778 3987361499 30048128
3367446420 2885237834 46188812
931220148 990793273 15913032
1460059737 1006706305 120880314
1079587032 535912187 108016943
3645890228 2112994560 140054390
3206308633 2823043829 62194005
1888373209 148879571 9739198
3501143437 3443518894 144746791
779446902 1127586619 89726893
947133180 1217313512 54765471
2481910976 4017409627 259273155
1365249361 1390275791 22505486
4087038641 3048318110 207928655
1702649771 1272078983 83766690
649271944 1412781277 98724520
2294638847 3256246765 187272129
4081086996 3981409854 5951645
1580940051 290314834 86825576